12
39J2K7
2 3 2 5
399111111
3 3 5 7 2
KJ34I6
2 3 1 2
IKH133656798
3 4 3 1 2
H9KKK12341555655655789679778HJ
5 6 3 5 4 2 1
JJJKH22K1332343441335557485896H99H6I9H9J6J
6 7 5 3 1 6 4 2
JIJIJ21K3K334132544662267447778866998H9H9HIHHHHI7HII9KJI
7 8 4 7 1 2 5 6 3
JK9I1KI1KK1112233214453512355565255564887878888888799I7HII68IIIJIIIHJJJH
8 9 6 1 5 8 7 3 2 4
HKHJ1K2JKK11224J12243545445642756567787685969927HHJJIHHJJ89JHJJ
9 7 8 2 6 4 1 3 9 7 5
JHK1IJKJ1112K122244452377124858884H9H7H9IIJ688IJ
8 6 3 5 7 6 8 4 2 1
HK1K11IKKKKKI111KKJKKKK111111211K2K1222K22222111122211222212212222212122322332332231233233323222333323323233233324344413343334434434555435453355545455443355655646566636656545655665666665565665767676776467766667766666577775887888787888777877888878878799987889989888899876989898998999H999999HHHHHH78HH999H9H9H9H9HH99HHIHHIHH9IHI9HHHIHHHIHIIIIJIJJIHIHJ9JIJJIHJJJIJJJJKIKKKJKJKJKKKKJKJKJKKJJIKKJJKKJKJJKJ
20 20 6 2 13 16 1 9 18 11 5 20 10 15 7 19 8 4 14 17 3 12
JK1K1J1JK1K1JJKKK1K1K111K1111111JK121K2212112222111221222K12221212J233233213332233312222333433422224434444433433443434442443444434345454555454554545544445554555554455556655665656663566655567537665767767777775577657775778887767888877777877787888888859986998879889988899995898997889H989999HHH99H9HH98H9HH9HH89HHI99H9IIIIHHHHIIIIIIIIIIHHIIIIJIHIJIJHIIIIIHJJIIJIIJJHJHJ9KJKKKKKKKKKJKJKKJKJKKKJKJHJKKIKJJJ
20 20 18 7 2 9 13 17 15 12 4 20 16 1 11 14 5 3 6 10 19 8