12
10
1 2 2 8 8 -1
10
2 1 3 8 -1
10
3 5 2 4 8 -1
10
1 2 3 4 5 6 4 5 6 7 3 4 6 7 8 9 1 2 8 9 -1
10
1 2 3 4 4 6 4 5 6 7 3 4 6 7 8 9 1 2 8 9 -1
200
106 107 98 100 100 102 97 95 101 99 97 99 101 100 95 99 101 100 102 101 98 97 101 99 98 99 97 96 99 97 100 99 103 100 99 101 100 98 99 100 103 99 100 98 101 100 101 98 97 101 98 100 99 103 101 102 101 98 100 100 99 99 99 102 99 100 102 101 100 100 98 101 102 98 97 100 100 100 100 98 100 100 97 94 99 99 99 98 100 99 98 103 97 99 101 98 101 97 97 101 -1
200
132 135 92 101 102 111 89 77 108 96 86 98 105 101 76 95 108 100 112 105 94 87 109 95 94 99 87 82 96 87 100 95 115 104 96 106 100 90 99 101 116 98 100 91 108 104 107 93 85 106 92 101 97 116 107 112 109 92 104 101 95 99 95 110 98 100 113 108 102 101 91 107 113 91 89 102 103 101 100 92 104 104 89 73 96 96 98 92 100 99 94 116 85 98 105 91 107 88 86 108 -1
200
98 207 78 105 106 133 67 33 124 89 58 94 117 103 28 86 126 101 137 116 84 63 127 86 82 97 62 46 88 62 100 87 146 114 88 120 101 71 97 103 149 94 100 75 124 112 121 80 55 118 78 103 92 150 121 137 128 78 112 104 86 99 85 131 95 100 141 126 108 104 73 123 141 75 67 107 109 103 102 78 113 113 67 20 89 88 96 76 100 99 82 148 56 96 117 74 121 66 58 124 -1
200
165 171 85 103 104 122 78 55 116 92 72 96 111 102 52 91 117 100 125 111 89 75 118 91 88 98 75 64 92 74 100 91 131 109 92 113 100 80 98 102 133 96 100 83 116 108 114 87 70 112 85 102 94 133 114 124 119 85 108 103 91 99 90 120 96 100 127 117 105 102 82 115 127 83 78 104 106 102 101 85 108 108 78 46 92 92 97 84 100 99 88 132 71 97 111 83 114 77 72 116 78 104 113 128 65 83 112 102 77 100 99 93 116 86 110 83 108 137 111 111 93 143 41 134 86 47 100 107 84 133 94 92 83 64 78 117 114 118 111 82 119 94 112 117 96 101 63 84 66 102 124 94 112 138 79 78 76 66 106 81 66 104 107 126 143 69 116 120 94 103 130 73 122 137 69 134 121 124 86 103 72 108 111 94 104 118 114 90 121 74 75 99 108 81 85 103 95 95 111 77 -1
200
132 135 92 101 102 111 89 77 108 96 86 98 105 101 76 95 108 100 112 105 94 87 109 95 94 99 87 82 96 87 100 95 115 104 96 106 100 90 99 101 116 98 100 91 108 104 107 93 85 106 92 101 97 116 107 112 109 92 104 101 95 99 95 110 98 100 113 108 102 101 91 107 113 91 89 102 103 101 100 92 104 104 89 73 96 96 98 92 100 99 94 116 85 98 105 91 107 88 86 108 89 102 106 114 82 91 106 101 88 100 99 96 108 93 105 91 104 118 105 105 96 121 70 117 93 73 100 103 92 116 97 96 91 82 89 108 107 109 105 91 109 97 106 108 98 100 81 92 83 101 112 97 106 119 89 89 88 83 103 90 83 102 103 113 121 84 108 110 97 101 115 86 111 118 84 117 110 112 93 101 86 104 105 97 102 109 107 95 110 87 87 99 104 90 92 101 97 97 105 88 -1
200
116 117 96 100 101 105 94 88 104 98 93 99 102 100 88 97 104 100 106 102 97 93 104 97 97 99 93 91 98 93 100 97 107 102 98 103 100 95 99 100 108 99 100 95 104 102 103 96 92 103 96 100 98 108 103 106 104 96 102 100 97 99 97 105 99 100 106 104 101 100 95 103 106 95 94 101 101 100 100 96 102 102 94 86 98 98 99 96 100 99 97 108 92 99 102 95 103 94 93 104 94 101 103 107 91 95 103 100 94 100 99 98 104 96 102 95 102 109 102 102 98 110 85 108 96 86 100 101 96 108 98 98 95 91 94 104 103 104 102 95 104 98 103 104 99 100 90 96 91 100 106 98 103 109 94 94 94 91 101 95 91 101 101 106 110 92 104 105 98 100 107 93 105 109 92 108 105 106 96 100 93 102 102 98 101 104 103 97 105 93 93 99 102 95 96 100 98 98 102 94 -1
200
214 224 74 106 107 138 62 21 128 87 51 94 120 104 16 84 131 101 144 119 82 57 132 84 80 96 56 37 86 55 101 84 154 116 87 124 101 66 96 103 158 93 100 71 129 114 125 77 48 121 74 103 90 158 125 143 133 74 114 105 84 99 83 136 94 100 147 130 110 105 69 127 148 71 61 108 111 103 103 74 115 115 62 6 87 86 95 72 100 99 79 156 49 95 120 70 125 60 51 128 61 107 124 149 39 70 122 104 60 100 99 89 129 75 118 71 115 165 119 120 88 175 2 161 76 8 100 112 73 158 90 86 71 38 63 131 124 132 120 70 134 90 122 130 94 103 36 72 42 104 142 89 122 167 63 61 58 42 111 67 42 108 113 146 176 45 128 135 90 106 153 53 140 165 46 160 138 143 76 106 51 114 120 90 107 131 125 83 137 55 57 98 114 67 74 106 92 91 120 59 -1
