10
6
7 8 3
7 11 15
8 9 5
9 12 6
11 16 12
13 17 5
5
7 8 3
7 14 18
8 9 5
9 12 6
13 17 5
5
7 8 3
7 14 20
8 9 5
9 12 6
13 17 5
5
7 8 3
7 13 4
9 10 2
11 12 1
14 17 5
6
7 8 3
7 13 4
9 10 2
11 14 1
14 17 6
13 16 4
100
19 22 139
13 14 51
1 10 904
1 8 416
13 17 690
7 20 522
17 24 245
0 21 283
6 11 121
5 8 132
7 12 282
8 16 846
2 12 456
3 13 409
3 12 916
16 19 183
2 18 139
9 13 338
19 24 981
4 16 582
7 11 259
10 22 504
0 20 647
3 13 892
0 3 50
14 15 554
4 12 717
1 16 834
8 8 440
4 12 490
3 6 221
10 17 78
0 19 199
1 20 612
1 18 372
3 18 569
0 12 499
8 20 156
3 17 723
5 17 800
8 8 964
4 5 803
12 15 120
3 9 301
3 5 26
19 20 972
3 17 994
9 18 935
10 12 408
4 4 560
9 24 816
1 6 49
0 4 660
2 4 624
0 15 588
3 20 9
9 13 259
1 23 430
3 4 48
5 24 597
1 16 797
9 14 952
7 19 35
0 0 478
2 16 137
9 13 384
0 17 373
3 13 478
10 17 55
6 10 48
4 19 419
0 10 242
5 10 884
7 12 462
16 23 91
8 12 91
2 3 707
8 19 924
11 24 327
3 17 431
7 13 715
0 15 190
12 12 143
0 5 511
4 10 157
8 19 104
3 21 697
4 5 34
6 6 700
4 5 221
10 14 418
0 10 920
5 13 369
5 24 565
5 10 857
3 4 96
16 21 669
11 17 578
0 22 78
1 14 92
100
1 2 139
10 11 51
1 4 904
3 8 416
10 12 690
7 14 522
12 16 245
3 14 283
7 9 121
1 8 132
7 10 282
8 12 846
5 10 456
10 18 409
5 10 916
12 13 183
2 13 139
8 10 338
13 16 981
6 12 582
7 9 259
9 15 504
14 16 647
5 10 892
5 16 50
11 11 554
6 10 717
4 12 834
8 8 440
6 10 490
7 18 221
9 12 78
4 13 199
4 14 612
13 17 372
5 13 569
4 10 499
8 14 156
5 12 723
12 19 800
8 20 964
6 18 803
10 11 120
8 18 301
1 5 26
13 14 972
5 12 994
8 13 935
9 10 408
1 6 560
8 16 816
4 19 49
1 4 660
1 5 624
11 16 588
2 14 9
8 10 259
3 15 430
2 18 48
6 16 597
3 12 797
8 11 952
7 13 35
3 3 478
5 12 137
8 10 384
4 12 373
5 10 478
9 12 55
0 9 48
6 13 419
3 9 242
6 9 884
7 10 462
12 15 91
8 10 91
5 17 707
8 13 924
9 16 327
2 12 431
7 10 715
4 11 190
10 10 143
4 6 511
6 9 157
8 13 104
2 14 697
6 19 34
7 7 700
1 18 221
9 11 418
9 16 920
6 10 369
16 19 565
9 19 857
1 2 96
12 14 669
9 12 578
15 16 78
3 11 92
100
0 24 139
18 18 51
13 15 904
15 17 416
18 19 690
17 19 522
19 20 245
15 19 283
16 17 121
14 17 132
17 18 282
17 18 846
16 18 456
18 21 409
16 18 916
18 19 183
15 19 139
17 18 338
19 20 981
16 18 582
17 17 259
17 20 504
19 20 647
16 18 892
16 20 50
18 18 554
16 18 717
15 18 834
17 17 440
16 18 490
16 21 221
17 19 78
15 19 199
15 19 612
19 20 372
16 19 569
15 18 499
17 19 156
16 19 723
19 21 800
17 22 964
16 21 803
18 18 120
17 21 301
14 16 26
19 19 972
16 19 994
17 19 935
17 18 408
14 16 560
17 20 816
15 21 49
14 15 660
14 16 624
18 20 588
14 19 9
17 18 259
15 20 430
14 21 48
16 20 597
15 18 797
17 18 952
17 19 35
15 15 478
16 18 137
17 18 384
15 19 373
16 18 478
17 19 55
14 17 48
16 19 419
15 17 242
16 17 884
17 18 462
18 20 91
17 18 91
16 21 707
17 19 924
17 20 327
14 19 431
17 18 715
15 18 190
18 18 143
0 16 511
16 17 157
17 19 104
14 19 697
16 21 34
16 16 700
14 21 221
17 18 418
17 20 920
16 18 369
20 21 565
17 21 857
14 14 96
18 19 669
17 19 578
20 20 78
15 18 92
100
1 4 139
14 14 51
0 14 904
4 7 416
13 19 690
6 22 522
2 18 245
2 23 283
5 10 121
7 9 132
6 12 282
7 17 846
0 12 456
6 13 409
2 12 916
16 20 183
5 19 139
8 13 338
1 20 981
3 16 582
6 11 259
10 24 504
3 22 647
1 13 892
2 3 50
14 15 554
3 13 717
1 17 834
7 7 440
2 12 490
4 6 221
10 18 78
1 20 199
1 21 612
4 20 372
1 19 569
1 12 499
8 22 156
2 18 723
9 18 800
7 12 964
3 7 803
12 16 120
7 8 301
2 9 26
20 22 972
1 18 994
8 19 935
10 13 408
2 7 560
1 8 816
0 10 49
2 7 660
0 7 624
2 16 588
6 21 9
8 14 259
0 3 430
6 7 48
1 3 597
4 17 797
8 14 952
6 20 35
2 3 478
0 16 137
9 14 384
1 18 373
2 13 478
10 18 55
9 10 48
3 20 419
3 10 242
4 9 884
6 13 462
0 17 91
7 12 91
1 5 707
7 20 924
2 10 327
6 18 431
6 14 715
1 16 190
12 12 143
4 8 511
3 10 157
7 20 104
6 23 697
3 9 34
5 5 700
7 8 221
10 15 418
3 9 920
3 13 369
2 8 565
8 9 857
6 7 96
17 22 669
11 18 578
3 24 78
3 14 92
100
12 15 139
6 7 51
5 17 904
1 8 416
6 10 690
0 13 522
10 17 245
7 14 283
0 4 121
1 12 132
0 5 282
1 9 846
4 5 456
6 21 409
3 5 916
9 12 183
9 11 139
2 6 338
12 17 981
2 9 582
0 4 259
3 15 504
13 18 647
3 6 892
3 18 50
7 8 554
2 5 717
5 9 834
1 1 440
2 5 490
0 21 221
3 10 78
6 12 199
5 13 612
11 19 372
3 11 569
5 6 499
1 13 156
3 10 723
10 23 800
1 1 964
1 22 803
5 8 120
2 21 301
3 12 26
12 13 972
3 10 994
2 11 935
3 5 408
2 11 560
2 17 816
5 24 49
6 11 660
4 11 624
8 18 588
10 13 9
2 6 259
8 16 430
10 22 48
1 17 597
8 9 797
2 7 952
0 12 35
7 7 478
4 9 137
2 6 384
6 10 373
3 6 478
3 10 55
3 13 48
2 12 419
3 7 242
1 3 884
0 5 462
9 16 91
1 5 91
3 20 707
1 12 924
4 17 327
10 10 431
0 6 715
6 8 190
5 5 143
1 18 511
2 3 157
1 12 104
10 14 697
2 23 34
0 0 700
12 22 221
3 7 418
3 18 920
1 6 369
17 23 565
3 23 857
10 11 96
9 14 669
4 10 578
15 18 78
7 8 92
